# Energy_eV TotalXS_barn
1.000000000000000021e-03 1.127376530748467554e+00
1.006938631476027041e-03 1.125890743997759014e+00
1.013925407558815411e-03 1.124497563369223130e+00
1.020960662306046604e-03 1.123094717541140541e+00
1.028044732093309679e-03 1.121682139471968931e+00
1.035177955630176309e-03 1.120259761655290731e+00
1.042360673976401152e-03 1.118827516116589038e+00
1.049593230558227598e-03 1.117385334410006203e+00
1.056875971184803890e-03 1.115994170032741373e+00
1.064209244064724582e-03 1.114640965027152042e+00
1.071593399822671090e-03 1.113278372356591550e+00
1.079028791516183647e-03 1.111906326907418308e+00
1.086515774652538433e-03 1.110524763114519864e+00
1.094054707205742438e-03 1.109133614958187852e+00
1.101645949633656921e-03 1.107738129901419288e+00
1.109289864895222780e-03 1.106433762057593695e+00
1.116986818467822530e-03 1.105120345560342443e+00
1.124737178364752007e-03 1.103797817650349788e+00
1.132541315152811546e-03 1.102466115133195146e+00
1.140399601970033122e-03 1.101125174376338389e+00
1.148312414543511137e-03 1.099774931306084724e+00
1.156280131207375458e-03 1.098470927015719578e+00
1.164303132920876775e-03 1.097205810961172645e+00
1.172381803286598597e-03 1.095931918796294369e+00
1.180516528568805639e-03 1.094649189655460653e+00
1.188707697711903228e-03 1.093357562251116688e+00
1.196955702359042868e-03 1.092056974870856623e+00
1.205260936870842505e-03 1.090749373343215645e+00
1.213623798344240588e-03 1.089509496237266006e+00
1.222044686631488684e-03 1.088261018322198570e+00
1.230524004359261634e-03 1.087003879951188523e+00
1.239062156947915577e-03 1.085738021063971104e+00
1.247659552630869806e-03 1.084463381183979447e+00
1.256316602474120232e-03 1.083179899415463332e+00
1.265033720395903781e-03 1.081949138372254149e+00
1.273811323186478574e-03 1.080768489570330670e+00
1.282649830528059809e-03 1.079579651148999453e+00
1.291549665014883998e-03 1.078382566317651392e+00
1.300511252173408528e-03 1.077177177892099103e+00
1.309535020482667771e-03 1.075963428291853319e+00
1.318621401394748458e-03 1.074741344644957186e+00
1.327770829355428986e-03 1.073606620234142994e+00
1.336983741824946661e-03 1.072464025068392779e+00
1.346260579298909571e-03 1.071313504572505293e+00
1.355601785329368925e-03 1.070155003793111348e+00
1.365007806546013683e-03 1.068988467396060349e+00
1.374479092677536717e-03 1.067813839663782627e+00
1.384016096573131502e-03 1.066676847354931734e+00
1.393619274224142113e-03 1.065580063241587272e+00
1.403289084785873256e-03 1.064475671897490594e+00
1.413025990599533653e-03 1.063363620579664381e+00
1.422830457214352027e-03 1.062243856179729828e+00
1.432702953409831009e-03 1.061116325221377110e+00
1.442643951218157373e-03 1.059980973857823194e+00
1.452653925946781202e-03 1.058926747973590432e+00
1.462733356201129922e-03 1.057867386468724025e+00
1.472882723907501879e-03 1.056800677692426138e+00
1.483102514336104337e-03 1.055726570709580869e+00
1.493393216124251719e-03 1.054645014232271416e+00
1.503755321299738400e-03 1.053555956617339584e+00
1.514189325304352018e-03 1.052500493256443903e+00
1.524695727017574571e-03 1.051485430734867110e+00
1.535275028780422714e-03 1.050463328594984258e+00
1.545927736419476940e-03 1.049434138040210795e+00
1.556654359271062099e-03 1.048397809936050695e+00
1.567455410205594903e-03 1.047354294807762765e+00
1.578331405652118108e-03 1.046303542838006972e+00
1.589282865622978049e-03 1.045328235775083936e+00
1.600310313738700137e-03 1.044350393446083380e+00
1.611414277253019837e-03 1.043365770111515323e+00
1.622595287078087110e-03 1.042374318774106579e+00
1.633853877809862123e-03 1.041375992111224003e+00
1.645190587753662514e-03 1.040370742472628951e+00
1.656605958949913414e-03 1.039395665098717059e+00
1.668100537200059227e-03 1.038461417586901137e+00
1.679674872092653225e-03 1.037520691890909230e+00
1.691329517029648791e-03 1.036573443119213289e+00
1.703065029252844422e-03 1.035619626069601118e+00
1.714881969870539046e-03 1.034659195227030315e+00
1.726780903884356060e-03 1.033692104761467556e+00
1.738762400216250364e-03 1.032795009995621793e+00
1.750827031735725098e-03 1.031897768714399533e+00
1.762975375287205784e-03 1.030994306446230802e+00
1.775208011717634149e-03 1.030084580090021129e+00
1.787525525904235402e-03 1.029168546246495231e+00
1.799928506782476562e-03 1.028246161216137544e+00
1.812417547374237711e-03 1.027350828633441848e+00
1.824993244816152391e-03 1.026496694184188208e+00
1.837656200388170478e-03 1.025636638248106802e+00
1.850407019542302115e-03 1.024770619807688243e+00
1.863246311931559835e-03 1.023898597561773816e+00
1.876174691439121437e-03 1.023020529923597044e+00
1.889192776207666326e-03 1.022136375018818377e+00
1.902301188668943871e-03 1.021317493266609588e+00
1.915500555573527823e-03 1.020500703405771592e+00
1.928791508020777801e-03 1.019678251685492310e+00
1.942174681489026522e-03 1.018850098896682432e+00
1.955650715865949168e-03 1.018016205559246323e+00
1.969220255479171497e-03 1.017176531920212401e+00
1.982883949127071596e-03 1.016361073627119804e+00
1.996642450109793483e-03 1.015587135237893790e+00
2.010496416260499231e-03 1.014807832794631048e+00
2.024446509976803900e-03 1.014023129161119918e+00
2.038493398252464155e-03 1.013232986944611946e+00
2.052637752709252084e-03 1.012437368494057743e+00
2.066880249629082268e-03 1.011636235898331293e+00
2.081221569986339229e-03 1.010895146201088890e+00
2.095662399480432980e-03 1.010158109097007539e+00
2.110203428568596575e-03 1.009415964588634473e+00
2.124845352498882720e-03 1.008668677328854901e+00
2.139588871343421454e-03 1.007916211726545219e+00
2.154434690031884272e-03 1.007158531944895685e+00
2.169383518385184159e-03 1.006422181472734101e+00
2.184436071149428466e-03 1.005727096266396892e+00
2.199593068030074750e-03 1.005027195311325450e+00
2.214855233726359396e-03 1.004322445291861321e+00
2.230223297965938743e-03 1.003612812662537435e+00
2.245697995539773940e-03 1.002898263646502697e+00
2.261280066337279480e-03 1.002178764233933705e+00
2.276970255381679901e-03 1.001515180527109861e+00
2.292769312865648810e-03 1.000857545912849256e+00
2.308677994187169520e-03 1.000195356128183111e+00
2.324697059985648094e-03 9.995285796754013186e-01
2.340827276178294395e-03 9.988571848397334030e-01
2.357069413996727789e-03 9.981811396878628173e-01
2.373424250023866040e-03 9.975174796254462350e-01
2.389892566231050126e-03 9.968823961268729050e-01
2.406475150015424062e-03 9.962429146081753784e-01
2.423172794237600514e-03 9.955990046713045771e-01
2.439986297259550199e-03 9.949506357089059616e-01
2.456916462982790088e-03 9.942977769028904511e-01
2.473964100886814031e-03 9.936403972229936876e-01
2.491130026067788373e-03 9.930501187754295911e-01
2.508415059277541159e-03 9.924706737505762932e-01
2.525820026962784671e-03 9.918872176225195236e-01
2.543345761304648036e-03 9.912997226896663738e-01
2.560993100258459210e-03 9.907081610599890453e-01
2.578762887593801043e-03 9.901125046497263327e-01
2.596655972934872221e-03 9.895331913845655247e-01
2.614673211801091940e-03 9.889943600961905723e-01
2.632815465648019864e-03 9.884518003153280885e-01
2.651083601908538895e-03 9.879054863123373220e-01
2.669478494034320699e-03 9.873553921809745670e-01
2.688001021537607393e-03 9.868014918371910138e-01
2.706652070033241288e-03 9.862437590179291558e-01
2.725432531281027707e-03 9.857338930153476397e-01
2.744343303228365376e-03 9.852331957168956045e-01
2.763385290053169997e-03 9.847290355519611182e-01
2.782559402207125665e-03 9.842213886480144502e-01
2.801866556459195207e-03 9.837102309689982338e-01
2.821307675939470957e-03 9.831955383142196858e-01
2.840883690183303948e-03 9.826955914013583149e-01
2.860595535175741895e-03 9.822369107767069396e-01
2.880444153396298067e-03 9.817750597862247020e-01
2.900430493863991651e-03 9.813100166000561231e-01
2.920555512182745027e-03 9.808417592391670548e-01
2.940820170587063812e-03 9.803702655743400385e-01
2.961225437988034351e-03 9.798955133251651128e-01
2.981772290019673362e-03 9.794654831846799636e-01
3.002461709085549064e-03 9.790461637613817603e-01
3.023294684405776565e-03 9.786239483113357007e-01
3.044272212064302961e-03 9.781988169249220544e-01
3.065395295056526793e-03 9.777707495568912499e-01
3.086664943337274428e-03 9.773397260254559349e-01
3.108082173869063970e-03 9.769218057344182249e-01
3.129648010670750373e-03 9.765454186621372878e-01
3.151363484866479339e-03 9.761664346023424255e-01
3.173229634734976452e-03 9.757848357359465430e-01
3.195247505759213607e-03 9.754006041229478230e-01
3.217418150676371654e-03 9.750137217016272562e-01
3.239742629528195514e-03 9.746241702877408430e-01
3.262222009711669788e-03 9.742765118970002636e-01
3.284857366030043482e-03 9.739410423898902103e-01
3.307649780744242440e-03 9.736032612688660937e-01
3.330600343624588386e-03 9.732631527148056794e-01
3.353710152002928671e-03 9.729207008018151415e-01
3.376980310825091272e-03 9.725758894965286228e-01
3.400411932703706255e-03 9.722369126298328057e-01
3.424006137971425789e-03 9.719214355764658198e-01
3.447764054734464220e-03 9.716037869970277630e-01
3.471686818926559247e-03 9.712839520629761303e-01
3.495775574363275268e-03 9.709619158461190169e-01
3.520031472796678832e-03 9.706376633179676361e-01
3.544455673970435625e-03 9.703111793490831749e-01
3.569049345675229679e-03 9.700440194909508707e-01
3.593813663804625805e-03 9.697979404263228353e-01
3.618749812411280273e-03 9.695501731044148253e-01
3.643858983763544404e-03 9.693007060735208125e-01
3.669142378402494038e-03 9.690495278060320405e-01
3.694601205199302477e-03 9.687966266979569641e-01
3.720236681413065759e-03 9.685526803689710196e-01
3.746050032748993088e-03 9.683457405832417431e-01
3.772042493416997554e-03 9.681373857424981910e-01
3.798215306190736145e-03 9.679276063127438823e-01
3.824569722466999305e-03 9.677163926976801722e-01
3.851107002325568872e-03 9.675037352383244471e-01
3.877828414589457214e-03 9.672896242126274302e-01
3.904735236885560103e-03 9.671113803485000826e-01
3.931828755705770589e-03 9.669476141456774254e-01
3.959110266468458469e-03 9.667827345279375040e-01
3.986581073580438943e-03 9.666167340823057508e-01
4.014242490499322046e-03 9.664496053485949201e-01
4.042095839796306170e-03 9.662813408191341935e-01
4.070142453219439092e-03 9.661219920000967409e-01
4.098383671757261509e-03 9.660039220519764935e-01
4.126820845702951907e-03 9.658850576985040792e-01
4.155455334718875619e-03 9.657653937663925880e-01
4.184288507901580585e-03 9.656449250510317217e-01
4.213321743847289226e-03 9.655236463163299199e-01
4.242556430717777174e-03 9.654015522945584848e-01
4.271993966306776754e-03 9.653135985031771060e-01
4.301635758106795056e-03 9.652415632421693648e-01
4.331483223376398663e-03 9.651690554632867958e-01
4.361537789208005771e-03 9.650960722600037123e-01
4.391800892596085977e-03 9.650226107106398832e-01
4.422273980505896963e-03 9.649486678783222304e-01
4.452958509942655727e-03 9.648827296783279994e-01
4.483855948021185991e-03 9.648586222953796643e-01
4.514967772036101654e-03 9.648343772575831423e-01
4.546295469532399616e-03 9.648099940129939434e-01
4.577840538376616412e-03 9.647854720112616356e-01
4.609604486828434121e-03 9.647608107037126679e-01
4.641588833612777208e-03 9.647360095434344140e-01
4.673795107992463616e-03 9.647309949902337367e-01
4.706224849841281720e-03 7.843098942785726280e+00
4.738879609717651029e-03 7.795706960879263292e+00
4.771760948938746048e-03 7.748641658500607932e+00
4.804870439655129291e-03 7.701900785999513666e+00
4.838209664925957609e-03 7.655482109246738887e+00
4.871780218794630885e-03 7.609393128348250102e+00
4.905583706365045267e-03 7.563680396780770643e+00
4.939621743878320863e-03 7.518283723813493857e+00
4.973895958790062848e-03 7.473200939624899064e+00
5.008407989848212387e-03 7.428429889411091835e+00
5.043159487171358993e-03 7.383968433282959154e+00
5.078152112327670442e-03 7.339814446163932971e+00
5.113387538414325764e-03 7.295995141282944019e+00
5.148867450137492065e-03 7.252496529202669961e+00
5.184593543892912840e-03 7.209299423171374066e+00
5.220567527846975073e-03 7.166401758606009587e+00
5.256791122018419048e-03 7.123801485251326504e+00
5.293266058360561639e-03 7.081496567082012916e+00
5.329994080844087725e-03 7.039490576829861901e+00
5.366976945540476510e-03 6.997817750740655818e+00
5.404216420705915298e-03 6.956434585294380746e+00
5.441714286865887221e-03 6.915339102703818241e+00
5.479472336900287170e-03 6.874529338948224044e+00
5.517492376129128420e-03 6.834003343679602160e+00
5.555776222398878077e-03 6.793759180129578468e+00
5.594325706169377133e-03 6.753823544945676716e+00
5.633142670601352063e-03 6.714184773849935617e+00
5.672228971644543115e-03 6.674822434208341981e+00
5.711586478126434545e-03 6.635734644939188520e+00
5.751217071841613696e-03 6.596919538100459057e+00
5.791122647641758041e-03 6.558375258800662522e+00
5.831305113526218976e-03 6.520102557436463719e+00
5.871766390733255264e-03 6.482122183190321074e+00
5.912508413831881436e-03 6.444407341866266847e+00
5.953533130814370189e-03 6.406956231232613597e+00
5.994842503189408769e-03 6.369767061681057108e+00
6.036438506075864248e-03 6.332838056141300243e+00
6.078323128297229670e-03 6.296167449996268317e+00
6.120498372476702517e-03 6.259787987411923993e+00
6.162966255132942307e-03 6.223688595402587787e+00
6.205728806776500406e-03 6.187842796774565279e+00
6.248788072006888211e-03 6.152248878760000927e+00
6.292146109610343568e-03 9.389992130212933219e+00
6.335804992658253774e-03 9.332342634484017907e+00
6.379766808606282015e-03 9.275098871183063309e+00
6.424033659394191159e-03 9.218301989882744962e+00
6.468607661546327617e-03 9.161902240415702892e+00
6.513490946272802555e-03 9.105896927363961169e+00
6.558685659571435525e-03 9.050283374184820318e+00
6.604193962330305243e-03 8.995058923083176339e+00
6.650018030431118291e-03 8.940220934884585802e+00
6.696160054853222271e-03 8.885790752925956326e+00
6.742622241778342337e-03 8.831761124776251748e+00
6.789406812696112230e-03 8.778110452764661176e+00
6.836516004510238484e-03 8.724836173032260334e+00
6.883952069645496441e-03 8.671935739734218274e+00
6.931717276155407136e-03 8.619406624918319437e+00
6.979813907830660115e-03 8.567247659115887259e+00
7.028244264308352446e-03 8.515483991165213595e+00
7.077010661181889518e-03 8.464084374392282228e+00
7.126115430111745405e-03 8.413046352677334028e+00
7.175560918936928385e-03 8.362367487208645755e+00
7.225349491787214085e-03 8.312045356366184023e+00
7.275483529196232965e-03 8.262077555606024859e+00
7.325965428215230023e-03 8.212497718227016463e+00
7.376797602527730875e-03 8.163299495180364573e+00
7.427982482564918221e-03 8.114448962165219825e+00
7.479522515621821015e-03 8.065943785080090578e+00
7.531420165974375344e-03 8.017781646356850089e+00
7.583677914997190468e-03 7.969960244850241793e+00
7.636298261282242067e-03 7.922478087714165618e+00
7.689283720758313158e-03 7.875371670529607293e+00
7.742636826811269413e-03 7.828599464530529239e+00
7.796360130405236531e-03 7.782159235115884144e+00
7.850456200204509669e-03 7.736048763580001264e+00
7.904927622696419562e-03 7.690265847006754640e+00
7.959777002314986222e-03 7.644808298164534222e+00
8.015006961565405291e-03 7.599691619908665707e+00
8.070620141149507584e-03 7.554913325355533615e+00
8.126619200091946341e-03 7.510454172885826729e+00
8.183006815867388886e-03 7.466312038656631067e+00
8.239785684528520143e-03 7.422484814007288101e+00
8.296958520834906564e-03 7.378970405358908025e+00
8.354528058382871408e-03 7.335766734114545606e+00
8.412497049736117685e-03 7.292933093373452635e+00
8.470868266557402340e-03 7.250406811172888766e+00
8.529644499741025759e-03 7.208185550314069268e+00
8.588828559546249353e-03 7.166267294133804810e+00
8.648423275731726215e-03 7.124650040483395230e+00
8.708431497690724554e-03 7.083331801633299563e+00
8.768856094587426653e-03 7.042327383958316034e+00
8.829699955494091715e-03 7.001636210971661889e+00
8.890965989529158939e-03 6.961238417619356689e+00
8.952657125996400095e-03 6.921132074590601313e+00
9.014776314524916914e-03 6.881315266538802433e+00
9.077326525210224414e-03 6.841786091990337937e+00
9.140310748756232812e-03 6.802542663254027566e+00
9.203731996618221695e-03 6.763647174066423240e+00
9.267593301146882789e-03 6.725036105602454128e+00
9.331897715733238757e-03 6.686705662935964689e+00
9.396648314954691300e-03 6.648654015813835194e+00
9.461848194722002545e-03 6.610879347344756241e+00
9.527500472427289507e-03 6.573379853912767246e+00
9.593608287093146128e-03 6.536163369460226136e+00
9.660174799522646544e-03 6.499229987745217763e+00
9.727203192450536648e-03 6.462566595558897120e+00
9.794696670695395360e-03 6.426171442551461332e+00
9.862658461312821118e-03 6.390042791232676933e+00
9.931091813749801447e-03 6.354178916889193118e+00
1.000000000000000021e-02 6.318578107502563768e+00
1.006938631476027649e-02 6.283333228403753523e+00
1.013925407558815411e-02 6.248354135960197731e+00
1.020960662306046561e-02 6.213633746307094086e+00
1.028044732093309245e-02 6.179170402244229976e+00
1.035177955630176179e-02 6.144962458898871382e+00
1.042360673976401760e-02 6.111008283647572981e+00
1.049593230558227772e-02 6.077323687325341339e+00
1.056875971184803933e-02 6.043912625228959890e+00
1.064209244064724148e-02 6.010750786581763982e+00
1.071593399822671176e-02 5.977836588933740813e+00
1.079028791516184124e-02 5.945168461715557129e+00
1.086515774652538346e-02 5.912744846163975332e+00
1.094054707205742438e-02 5.880564195247830028e+00
1.101645949633656314e-02 5.848676646569274773e+00
1.109289864895222737e-02 5.817033810052744336e+00
1.116986818467823224e-02 5.785629758630358666e+00
1.124737178364751920e-02 5.754462994189464276e+00
1.132541315152811416e-02 5.723532030006663440e+00
1.140399601970032428e-02 5.692835390677256413e+00
1.148312414543511094e-02 5.662401815129036287e+00
1.156280131207376022e-02 5.632243713898593462e+00
1.164303132920876775e-02 5.602316093852413026e+00
1.172381803286598467e-02 5.572617527741776655e+00
1.180516528568804902e-02 5.543146599316910894e+00
1.188707697711903315e-02 5.513901903259850634e+00
1.196955702359043389e-02 5.484882045117835503e+00
1.205260936870842549e-02 5.456148578858675435e+00
1.213623798344240501e-02 5.427644936376071705e+00
1.222044686631488034e-02 5.399362503406095470e+00
1.230524004359261590e-02 5.371299931704065500e+00
1.239062156947916271e-02 5.343455883588895006e+00
1.247659552630869806e-02 5.315829031879778732e+00
1.256316602474120796e-02 7.422477056447463362e+00
1.265033720395903130e-02 7.380669215938934435e+00
1.273811323186478488e-02 7.339176633629072022e+00
1.282649830528060503e-02 7.297997329976295688e+00
1.291549665014883955e-02 7.257129340473036372e+00
1.300511252173409266e-02 7.216570715552487414e+00
1.309535020482666991e-02 7.176319520496062587e+00
1.318621401394748545e-02 7.136460322956775570e+00
1.327770829355429810e-02 7.096918110725129125e+00
1.336983741824946531e-02 7.057678305325961965e+00
1.346260579298910395e-02 7.018739035330585629e+00
1.355601785329368231e-02 6.980098443739876757e+00
1.365007806546013856e-02 6.941754687896197318e+00
1.374479092677537324e-02 6.903762968682262802e+00
1.384016096573131502e-02 6.866166884226616141e+00
1.393619274224142807e-02 6.828863299233860928e+00
1.403289084785872519e-02 6.791850435223158122e+00
1.413025990599533696e-02 6.755126527678417148e+00
1.422830457214352591e-02 6.718689825964708540e+00
1.432702953409830879e-02 6.682538593245332947e+00
1.442643951218158110e-02 6.646803817701488981e+00
1.452653925946780465e-02 6.611376061976648622e+00
1.462733356201129965e-02 6.576229740891815112e+00
1.472882723907502529e-02 6.541363179579420262e+00
1.483102514336104467e-02 6.506774716618115129e+00
1.493393216124252500e-02 6.472462703954171559e+00
1.503755321299737706e-02 6.438470585577402261e+00
1.514189325304352018e-02 6.404841920260667898e+00
1.524695727017573790e-02 6.371485779568765828e+00
1.535275028780422671e-02 6.338400574661033460e+00
1.545927736419477720e-02 6.305584729726236404e+00
1.556654359271061189e-02 6.273036681908117806e+00
1.567455410205595076e-02 6.240754881231532103e+00
1.578331405652117284e-02 6.208856345369531127e+00
1.589282865622978005e-02 6.177247528663133203e+00
1.600310313738700918e-02 6.145901392445978217e+00
1.611414277253019056e-02 6.114816444526796957e+00
1.622595287078087284e-02 6.083991205284045023e+00
1.633853877809861299e-02 6.053424207596128426e+00
1.645190587753662601e-02 6.023166513345742601e+00
1.656605958949914498e-02 5.993281853350394428e+00
1.668100537200059227e-02 5.963652288854568440e+00
1.679674872092653051e-02 5.934276410245051814e+00
1.691329517029648011e-02 5.905152820125475266e+00
1.703065029252844378e-02 5.876280133250522120e+00
1.714881969870540174e-02 5.847656976460696043e+00
1.726780903884355886e-02 8.307974611920824870e+00
1.738762400216250364e-02 8.262780571145583508e+00
1.750827031735724404e-02 8.217950755822620579e+00
1.762975375287205784e-02 8.173483030204700128e+00
1.775208011717635190e-02 8.129375275951780111e+00
1.787525525904235316e-02 8.085625392030802772e+00
1.799928506782476345e-02 8.042291707000480017e+00
1.812417547374236756e-02 7.999464044656379613e+00
1.824993244816152521e-02 7.956989528350408847e+00
1.837656200388171346e-02 7.914866135533189073e+00
1.850407019542302245e-02 7.873091860544821685e+00
1.863246311931559748e-02 7.831664714520157666e+00
1.876174691439120440e-02 7.790582725294821209e+00
1.889192776207666499e-02 8.460964193233429853e+00
1.902301188668944695e-02 8.415733094472958697e+00
1.915500555573527997e-02 8.370875559143723166e+00
1.928791508020777715e-02 8.326389451490674887e+00
1.942174681489025612e-02 8.282272653627261505e+00
1.955650715865949255e-02 8.238523065435401804e+00
1.969220255479172538e-02 8.195183825769271735e+00
1.982883949127071249e-02 8.152336716608406419e+00
1.996642450109793396e-02 8.109851831718414061e+00
2.010496416260498104e-02 8.067727149462854186e+00
2.024446509976803726e-02 8.025960665544580763e+00
2.038493398252463201e-02 7.984550392911182293e+00
2.052637752709252084e-02 7.943494361661281644e+00
2.066880249629082095e-02 7.902833743373949282e+00
2.081221569986338102e-02 7.862538336000779893e+00
2.095662399480432980e-02 7.822591764608920251e+00
2.110203428568595621e-02 7.782992129772148715e+00
2.124845352498882720e-02 7.743737548778496738e+00
2.139588871343421628e-02 7.704826155541589117e+00
2.154434690031883232e-02 7.666269221773311493e+00
2.169383518385184506e-02 7.628094527973708239e+00
2.184436071149427339e-02 7.590257910115925988e+00
2.199593068030074663e-02 7.552757570434740941e+00
2.214855233726359396e-02 7.515591727377961107e+00
2.230223297965937615e-02 7.478758615522684394e+00
2.245697995539773853e-02 7.442256485492356077e+00
2.261280066337278266e-02 7.406093953167191657e+00
2.276970255381680075e-02 7.370262990833865047e+00
2.292769312865649764e-02 7.334757957491754965e+00
2.308677994187168653e-02 7.299577167828338986e+00
2.324697059985647921e-02 7.264718952179078038e+00
2.340827276178293267e-02 7.230181656449104821e+00
2.357069413996727703e-02 7.195969040287516272e+00
2.373424250023867602e-02 7.162094346159538993e+00
2.389892566231048912e-02 7.128535880372837141e+00
2.406475150015424322e-02 7.095292051578764081e+00
2.423172794237599473e-02 7.062361283626699127e+00
2.439986297259550199e-02 7.029742015490263896e+00
2.456916462982791302e-02 6.997432701194306048e+00
2.473964100886812817e-02 6.965396100014149994e+00
2.491130026067788633e-02 6.933650720330395423e+00
2.508415059277539771e-02 7.222400278163029874e+00
2.525820026962784584e-02 7.189057136855440788e+00
2.543345761304649510e-02 7.156031284898012323e+00
2.560993100258458083e-02 7.123321157855486696e+00
2.578762887593800956e-02 7.090949027684523287e+00
2.596655972934871007e-02 7.058993925925565627e+00
2.614673211801091940e-02 7.027350836662900946e+00
2.632815465648021339e-02 6.996018262262191811e+00
2.651083601908537507e-02 6.964994720111835846e+00
2.669478494034320873e-02 6.934278742553827257e+00
2.688001021537606006e-02 6.903868876815380418e+00
2.706652070033241375e-02 6.873995850808232611e+00
2.725432531281029094e-02 6.844540252787106205e+00
2.744343303228364075e-02 6.815388900053138244e+00
2.763385290053169824e-02 6.786540415379431757e+00
2.782559402207124277e-02 6.757993436208835192e+00
2.801866556459195468e-02 6.729746614590638387e+00
2.821307675939472084e-02 6.701798270465321394e+00
2.840883690183302474e-02 6.674145628286192178e+00
2.860595535175742068e-02 6.646789171906114291e+00
2.880444153396296419e-02 6.619727611077863116e+00
2.900430493863991738e-02 6.592959669854057125e+00
2.920555512182746588e-02 6.566484086528083353e+00
2.940820170587062077e-02 6.540299613575712101e+00
2.961225437988034351e-02 6.514251330149562591e+00
2.981772290019671715e-02 7.417578943366904376e+00
3.002461709085549324e-02 7.385618094467364614e+00
3.023294684405777866e-02 7.353985964160651534e+00
3.044272212064302874e-02 7.322681059422393446e+00
3.065395295056526706e-02 7.291701903089601089e+00
3.086664943337272954e-02 7.261019547990894552e+00
3.108082173869063797e-02 7.230486414332249367e+00
3.129648010670751934e-02 7.200273296677432988e+00
3.151363484866478992e-02 8.009723535773966674e+00
3.173229634734976018e-02 7.974362420813172925e+00
3.195247505759211959e-02 7.939356950860680939e+00
3.217418150676371741e-02 7.904705473386669290e+00
3.239742629528197249e-02 7.870317939781609873e+00
3.262222009711669701e-02 7.836227271218738188e+00
3.284857366030043829e-02 7.802484752910157084e+00
3.307649780744240792e-02 7.769088793653102343e+00
3.330600343624588733e-02 7.736037819055550102e+00
3.353710152002930406e-02 7.703330271463083356e+00
3.376980310825091619e-02 7.670950864357058308e+00
3.400411932703706341e-02 7.638802949539627463e+00
3.424006137971424141e-02 7.606993037691176518e+00
3.447764054734463873e-02 7.575519631489346040e+00
3.471686818926561502e-02 7.544381249954858148e+00
3.495775574363275268e-02 7.513576428382921613e+00
3.520031472796678745e-02 7.483103718275409655e+00
3.544455673970433457e-02 7.452889557926908104e+00
3.569049345675229939e-02 7.422955946820365192e+00
3.593813663804627800e-02 7.393349359772887652e+00
3.618749812411280187e-02 7.364068406632516606e+00
3.643858983763544751e-02 7.335111713086187812e+00
3.669142378402492216e-02 7.306477920596283759e+00
3.694601205199302130e-02 7.278154860749669552e+00
3.720236681413068014e-02 7.250039177555478886e+00
3.746050032748993175e-02 7.222241555664566270e+00
3.772042493416997294e-02 7.784009310311162722e+00
3.798215306190734497e-02 7.752783515079645582e+00
3.824569722466999305e-02 7.721899900864793054e+00
3.851107002325571127e-02 7.691357018963039138e+00
3.877828414589457040e-02 7.661078766725186284e+00
3.904735236885559929e-02 7.631082616483837455e+00
3.931828755705768508e-02 7.601422046503350849e+00
3.959110266468458816e-02 7.572095667731378654e+00
3.986581073580440504e-02 7.543102107393520050e+00
4.014242490499322219e-02 7.514440008930024284e+00
4.042095839796307905e-02 7.486099372518838280e+00
4.070142453219436490e-02 7.457958633675810134e+00
4.098383671757261509e-02 7.430144429223295433e+00
4.126820845702953988e-02 7.402655460219964567e+00
4.155455334718875099e-02 7.375490443588302192e+00
4.184288507901582493e-02 7.348648112055617965e+00
4.213321743847286971e-02 7.322127214095811354e+00
4.242556430717776828e-02 7.914760423174237225e+00
4.271993966306778662e-02 7.884468076468363229e+00
4.301635758106794882e-02 7.854521879123564254e+00
4.331483223376400571e-02 7.824920432505000356e+00
4.361537789208003169e-02 7.795662354791232040e+00
4.391800892596085804e-02 7.766746280910485467e+00
4.422273980505899565e-02 7.738164723412629620e+00
4.452958509942655380e-02 7.709768623377300401e+00
4.483855948021188420e-02 7.681709421614870692e+00
4.514967772036099919e-02 7.653985811727705091e+00
4.546295469532399269e-02 7.626596503707752106e+00
4.577840538376618668e-02 7.599540223877211176e+00
4.609604486828433600e-02 7.572815714829967959e+00
4.641588833612779463e-02 7.546329264908776757e+00
4.673795107992460840e-02 7.520087916669061734e+00
4.706224849841281199e-02 7.494173438179178248e+00
4.738879609717653457e-02 7.468584628043688944e+00
4.771760948938745528e-02 7.443320300798545119e+00
4.804870439655131720e-02 7.418379286856715993e+00
4.838209664925954834e-02 7.393757755307376556e+00
4.871780218794630885e-02 7.369265659267924207e+00
4.905583706365047869e-02 7.345092114579582443e+00
4.939621743878321036e-02 7.321236005281833492e+00
4.973895958790065103e-02 7.297696230965587283e+00
5.008407989848209785e-02 7.437299995722972845e+00
5.043159487171358646e-02 7.413267631890524179e+00
5.078152112327673218e-02 7.389449795525808717e+00
5.113387538414326111e-02 7.365844923145930423e+00
5.148867450137494667e-02 7.342557261835167992e+00
5.184593543892910411e-02 7.319585740653886674e+00
5.220567527846975420e-02 7.296929304167402819e+00
5.256791122018421997e-02 7.274586912397673188e+00
5.293266058360561466e-02 7.252557540775704581e+00
5.329994080844090154e-02 7.230615629406565326e+00
5.366976945540476163e-02 7.208980706061876909e+00
5.404216420705915125e-02 7.187654235116768930e+00
5.441714286865890343e-02 7.166635242172036513e+00
5.479472336900287344e-02 7.680871230858693721e+00
5.517492376129125992e-02 7.656778098263475663e+00
5.555776222398877556e-02 7.632898529043574243e+00
5.594325706169377826e-02 7.609218854946813160e+00
5.633142670601355012e-02 7.585865361122006156e+00
5.672228971644543288e-02 7.874773654643390408e+00
5.711586478126431943e-02 7.849919831679150306e+00
5.751217071841613349e-02 7.825403842040397961e+00
5.791122647641758214e-02 7.801224562535788998e+00
5.831305113526221579e-02 7.777123656398712725e+00
5.871766390733255264e-02 7.753345971604913345e+00
5.912508413831878140e-02 7.729899863115643477e+00
5.953533130814370189e-02 7.706784260590322511e+00
5.994842503189409116e-02 7.683998109919350838e+00
6.036438506075866850e-02 7.661540373175386165e+00
6.078323128297229844e-02 7.639281363325149954e+00
6.120498372476699395e-02 7.617191401763976799e+00
6.162966255132942134e-02 7.595424852493351864e+00
6.205728806776500406e-02 7.573980728073161472e+00
6.248788072006890987e-02 7.552858056917527207e+00
6.292146109610344262e-02 7.728509271601545549e+00
6.335804992658250478e-02 7.706672930742799466e+00
6.379766808606282535e-02 7.684878823297973227e+00
6.424033659394190465e-02 7.663391355816553840e+00
6.468607661546324494e-02 7.642227796337151879e+00
6.513490946272802729e-02 7.621387189347440305e+00
6.558685659571432403e-02 7.600868595224129720e+00
6.604193962330305590e-02 7.580671090189248673e+00
6.650018030431117944e-02 7.560655339472103442e+00
6.696160054853218802e-02 7.540771867334465028e+00
6.742622241778342684e-02 7.687371797386756356e+00
6.789406812696109628e-02 7.666974729018225077e+00
6.836516004510238831e-02 7.646899967697349254e+00
6.883952069645496441e-02 7.627146613583614787e+00
6.931717276155403840e-02 7.764225921469554592e+00
6.979813907830660635e-02 7.743717024887880385e+00
7.028244264308348976e-02 7.723502637396812531e+00
7.077010661181890039e-02 7.703611174861638489e+00
7.126115430111745752e-02 7.684041748494127688e+00
7.175560918936924049e-02 7.664793485363215808e+00
7.225349491787214085e-02 7.645865528353809282e+00
7.275483529196229149e-02 7.627108514431257369e+00
7.325965428215229502e-02 7.608448131267613768e+00
7.376797602527734865e-02 7.590103006402818764e+00
7.427982482564914057e-02 7.572072327748778697e+00
7.479522515621821188e-02 7.554355298714103384e+00
7.531420165974371528e-02 7.579268963559107064e+00
7.583677914997190295e-02 7.561885301327658127e+00
7.636298261282245536e-02 7.544464787512466408e+00
7.689283720758309515e-02 7.527311220214699006e+00
7.742636826811269413e-02 7.510466785658471700e+00
7.796360130405233235e-02 7.493930746744744908e+00
7.850456200204508628e-02 7.477702381581874391e+00
7.904927622696424072e-02 7.461780983450823967e+00
7.959777002314981365e-02 7.446007880971569293e+00
8.015006961565404597e-02 7.647800582166287775e+00
8.070620141149503768e-02 7.630874366059043012e+00
8.126619200091945994e-02 7.614259836708910711e+00
8.183006815867394090e-02 7.701292925206105977e+00
8.239785684528515286e-02 7.684587541916945597e+00
8.296958520834907258e-02 7.668196629464064884e+00
8.354528058382866551e-02 7.651735241656936637e+00
8.412497049736118726e-02 7.635524474073461576e+00
8.470868266557406157e-02 7.619622991874533291e+00
8.529644499741020902e-02 7.604030109011425509e+00
8.588828559546249353e-02 7.588745154643125268e+00
8.648423275731721704e-02 7.573767473102986258e+00
8.708431497690724554e-02 7.558930497973472384e+00
8.768856094587430816e-02 7.715169711116121043e+00
8.829699955494087205e-02 7.699456266195268128e+00
8.890965989529157898e-02 7.684052450323648920e+00
8.952657125996396625e-02 7.668957604386401172e+00
9.014776314524917955e-02 7.654171084483323284e+00
9.077326525210228925e-02 7.639692261896181336e+00
9.140310748756227954e-02 7.625102180764986137e+00
9.203731996618221001e-02 7.610736371996113192e+00
9.267593301146878626e-02 7.818975475349496662e+00
9.331897715733239451e-02 7.803682085619488618e+00
9.396648314954696157e-02 7.788700510384394704e+00
9.461848194721997340e-02 7.774030114195047858e+00
9.527500472427290201e-02 7.759497818526922330e+00
9.593608287093141618e-02 7.744920939492427436e+00
9.660174799522645850e-02 7.730649768213304185e+00
9.727203192450542546e-02 7.716683704887177697e+00
9.794696670695395013e-02 7.703022164712727715e+00
9.862658461312820424e-02 7.689664577858679628e+00
9.931091813749795549e-02 7.676610389433409232e+00
1.000000000000000056e-01 7.663408773683590525e+00
1.006938631476027024e-01 7.665165113524755824e+00
1.013925407558815273e-01 7.652357364385741434e+00
1.020960662306046457e-01 7.639847766034149501e+00
1.028044732093309765e-01 7.627635806106183303e+00
1.035177955630176283e-01 7.615720986854729979e+00
1.042360673976401170e-01 7.603926824364759085e+00
1.049593230558227702e-01 7.644048351185389834e+00
1.056875971184804003e-01 7.632078168780646266e+00
1.064209244064724669e-01 7.720177448917997509e+00
1.071593399822671072e-01 7.708106666389905826e+00
1.079028791516183639e-01 7.696333398787731817e+00
1.086515774652538346e-01 7.684857171925193242e+00
1.094054707205742438e-01 7.673196726822480329e+00
1.101645949633656973e-01 7.661702174459893655e+00
1.109289864895222771e-01 7.650499087697100187e+00
1.116986818467822634e-01 7.639587020987995913e+00
1.124737178364751955e-01 7.628965543033150887e+00
1.132541315152811451e-01 7.681537673291352952e+00
1.140399601970033122e-01 7.670886310850999479e+00
1.148312414543511129e-01 7.660069649088506516e+00
1.156280131207375328e-01 7.649540559792410654e+00
1.164303132920876810e-01 7.639298631555713648e+00
1.172381803286598606e-01 7.629343467000941459e+00
1.180516528568805595e-01 7.706111280184215317e+00
1.188707697711903349e-01 7.696132887939937106e+00
1.196955702359042834e-01 7.721487937598542572e+00
1.205260936870842653e-01 7.711178980147350259e+00
1.213623798344240501e-01 7.701156132666529430e+00
1.222044686631488658e-01 7.691419009924562289e+00
1.230524004359261625e-01 7.681967240607743719e+00
1.239062156947915577e-01 7.672800467295827431e+00
1.247659552630869806e-01 7.663743899859094100e+00
1.256316602474120137e-01 7.684847051253721695e+00
1.265033720395903893e-01 7.675631265237536027e+00
1.273811323186478384e-01 7.666695821338514349e+00
1.282649830528059809e-01 7.658040387970499907e+00
1.291549665014883885e-01 7.649664647143641361e+00
1.300511252173408572e-01 7.722822425417131598e+00
1.309535020482667789e-01 7.713915016315135098e+00
1.318621401394748371e-01 7.757120049979528531e+00
1.327770829355429116e-01 7.748225959427946563e+00
1.336983741824946670e-01 7.739611429447958990e+00
1.346260579298909632e-01 7.731276145097492503e+00
1.355601785329368925e-01 7.723219804940891109e+00
1.365007806546013891e-01 7.715272086100175564e+00
1.374479092677536596e-01 7.707030509183148581e+00
1.384016096573131571e-01 7.721347715862346917e+00
1.393619274224142113e-01 7.713498228749083196e+00
1.403289084785873109e-01 7.705922216596132301e+00
1.413025990599533765e-01 7.698619415028767676e+00
1.422830457214351862e-01 7.691589572832155497e+00
1.432702953409830948e-01 7.724072248029794530e+00
1.442643951218157417e-01 7.716540928183996506e+00
1.452653925946781333e-01 7.709278422114458351e+00
1.462733356201129931e-01 7.702284480833413660e+00
1.472882723907501801e-01 7.695558868246831885e+00
1.483102514336104294e-01 7.689101361134092372e+00
1.493393216124251910e-01 7.682749123219157816e+00
1.503755321299738434e-01 7.692671991035183510e+00
1.514189325304352018e-01 7.686102244249371829e+00
1.524695727017574554e-01 7.679795072882562579e+00
1.535275028780422601e-01 7.673750273802080635e+00
1.545927736419477061e-01 7.667967656408109178e+00
1.556654359271062160e-01 7.707073906615310221e+00
1.567455410205594868e-01 7.718937594737901975e+00
1.578331405652118047e-01 7.712687736447398024e+00
1.589282865622977936e-01 7.706696668454961596e+00
1.600310313738700085e-01 7.700964202526282776e+00
1.611414277253019889e-01 7.695490162721664085e+00
1.622595287078087145e-01 7.690274385377763089e+00
1.633853877809862132e-01 7.722568087345232257e+00
1.645190587753662392e-01 7.716766417543833967e+00
1.656605958949913526e-01 7.711218510888844690e+00
1.668100537200059019e-01 7.705924199766888805e+00
1.679674872092653259e-01 7.734592091831673955e+00
1.691329517029648843e-01 7.744078114272742397e+00
1.703065029252844309e-01 7.739213066193733503e+00
1.714881969870539202e-01 7.734025734453611634e+00
1.726780903884355955e-01 7.728801991458317033e+00
1.738762400216250503e-01 7.723827305519530562e+00
1.750827031735725237e-01 7.719101535311869711e+00
1.762975375287205715e-01 7.714624551210800263e+00
1.775208011717634149e-01 7.710396235276243182e+00
1.787525525904235524e-01 7.706278650274961173e+00
1.799928506782476345e-01 7.718800698919800141e+00
1.812417547374237659e-01 7.714306572679326734e+00
1.824993244816152382e-01 7.734785721190707619e+00
1.837656200388170513e-01 7.730606933955291638e+00
1.850407019542302245e-01 7.726672045475009298e+00
1.863246311931559818e-01 7.722980961968518798e+00
1.876174691439121411e-01 7.718951941051901855e+00
1.889192776207666291e-01 7.729253589276456005e+00
1.902301188668943932e-01 7.725279044125108463e+00
1.915500555573527997e-01 7.721542377209473784e+00
1.928791508020777645e-01 7.731148543599847933e+00
1.942174681489026444e-01 7.727797082126600436e+00
1.955650715865949185e-01 7.724563240642362771e+00
1.969220255479171566e-01 7.720766041677658009e+00
1.982883949127071388e-01 7.717200616456068474e+00
1.996642450109793465e-01 7.713866885488982916e+00
2.010496416260499075e-01 7.713542839533345408e+00
2.024446509976803865e-01 7.710653158237462890e+00
2.038493398252462230e-01 7.707995128708978072e+00
2.052637752709252084e-01 7.730266986681712638e+00
2.066880249629081956e-01 7.736756062789071464e+00
2.081221569986339281e-01 7.733605940198563289e+00
2.095662399480432980e-01 7.730682472964366170e+00
2.110203428568594441e-01 7.727985608892315561e+00
2.124845352498882789e-01 7.725515306155903872e+00
2.139588871343421628e-01 7.731754212641853918e+00
2.154434690031884481e-01 7.728729093679467255e+00
2.169383518385184229e-01 7.725924297512575478e+00
2.184436071149426228e-01 7.735062492479206853e+00
2.199593068030074872e-01 7.740192452067676143e+00
2.214855233726359396e-01 7.737915950081163174e+00
2.230223297965938656e-01 7.735860547684808353e+00
2.245697995539774061e-01 7.733457881244412135e+00
2.261280066337277295e-01 7.735062929495702733e+00
2.276970255381680075e-01 7.732673726522954816e+00
2.292769312865648723e-01 7.730499102607015338e+00
2.308677994187169624e-01 7.735647278249155434e+00
2.324697059985647851e-01 7.736806135594305189e+00
2.340827276178291949e-01 7.735127311854387955e+00
2.357069413996727703e-01 7.732777146049842010e+00
2.373424250023866144e-01 7.730635315344160041e+00
2.389892566231050230e-01 7.736530001146540769e+00
2.406475150015424114e-01 7.734750833683285975e+00
2.423172794237598293e-01 7.733180327509220575e+00
2.439986297259550130e-01 7.741332591621012504e+00
2.456916462982789984e-01 7.739562684750724841e+00
2.473964100886814066e-01 7.737580265744586683e+00
2.491130026067788494e-01 7.735800266375461476e+00
2.508415059277538384e-01 7.736275895275216641e+00
2.525820026962784515e-01 7.734886560922081600e+00
2.543345761304648400e-01 7.733699735848819756e+00
2.560993100258459609e-01 7.734532447237449482e+00
2.578762887593800679e-01 7.740030324704823883e+00
2.596655972934869827e-01 7.738410539978710645e+00
2.614673211801092356e-01 7.736987026524584365e+00
2.632815465648020159e-01 7.738995003736842904e+00
2.651083601908538756e-01 7.737941750339192737e+00
2.669478494034320804e-01 7.737084950033918496e+00
2.688001021537604895e-01 7.743276351280873548e+00
2.706652070033241375e-01 7.743220010093484262e+00
2.725432531281027915e-01 7.741912500329969582e+00
2.744343303228365394e-01 7.740795215493510462e+00
2.763385290053169685e-01 7.741144030967483047e+00
2.782559402207125943e-01 7.740398443909437987e+00
2.801866556459195468e-01 7.745674773342422270e+00
2.821307675939470627e-01 7.747716120177251753e+00
2.840883690183304000e-01 7.746505518807200730e+00
2.860595535175741722e-01 7.745479080534547478e+00
2.880444153396297668e-01 7.746665516044057398e+00
2.900430493863991877e-01 7.745993463959134573e+00
2.920555512182745339e-01 7.745505726850280048e+00
2.940820170587063465e-01 7.746556511505523268e+00
2.961225437988034281e-01 7.745462269158481128e+00
2.981772290019673588e-01 7.744545877688873148e+00
3.002461709085549324e-01 7.743807348398888735e+00
3.023294684405776200e-01 7.743513913419025840e+00
3.044272212064302874e-01 7.743129332149208288e+00
3.065395295056526637e-01 7.745864249845498151e+00
3.086664943337274480e-01 7.746474971710611612e+00
3.108082173869063936e-01 7.745636658997966606e+00
3.129648010670750269e-01 7.744970030839894548e+00
3.151363484866479547e-01 7.746709800820821279e+00
3.173229634734976434e-01 7.746371204634638907e+00
3.195247505759213347e-01 7.749701954501109213e+00
3.217418150676371602e-01 7.749218881532225822e+00
3.239742629528195583e-01 7.748430722689295003e+00
3.262222009711669979e-01 7.748320680917457182e+00
3.284857366030043413e-01 7.747860291334741412e+00
3.307649780744242318e-01 7.748980417749289806e+00
3.330600343624588455e-01 7.750214735100833252e+00
3.353710152002928879e-01 7.750232416335505192e+00
3.376980310825091203e-01 7.749507533046221752e+00
3.400411932703706341e-01 7.750562055518390281e+00
3.424006137971425390e-01 7.750129705177853268e+00
3.447764054734464012e-01 7.751362247828672558e+00
3.471686818926559281e-01 7.751238954190760033e+00
3.495775574363275129e-01 7.751275493554389939e+00
3.520031472796679162e-01 7.751702379715072588e+00
3.544455673970435816e-01 7.751143500062706693e+00
3.569049345675229801e-01 7.752842370542813555e+00
3.593813663804625858e-01 7.752576382814763356e+00
3.618749812411280464e-01 7.752464222530425886e+00
3.643858983763544335e-01 7.752770204884510186e+00
3.669142378402494020e-01 7.752963974092278221e+00
3.694601205199302685e-01 7.753659646487966128e+00
3.720236681413066071e-01 7.753257738226628781e+00
3.746050032748993175e-01 7.753003729637002905e+00
3.772042493416997710e-01 7.752897640329441842e+00
3.798215306190736440e-01 7.752939496344125381e+00
3.824569722466998889e-01 7.754552811634298770e+00
3.851107002325568907e-01 7.754493657178276322e+00
3.877828414589457595e-01 7.754097849444236523e+00
3.904735236885559790e-01 7.754529233055109216e+00
3.931828755705770173e-01 7.755525157164805172e+00
3.959110266468458539e-01 7.755543443440801710e+00
3.986581073580438561e-01 7.755704011700970568e+00
4.014242490499321803e-01 7.756041629959893768e+00
4.042095839796305823e-01 7.755695189488041486e+00
4.070142453219439127e-01 7.756442232183255570e+00
4.098383671757261371e-01 7.756306079868690695e+00
4.126820845702952045e-01 7.756306530333258564e+00
4.155455334718875515e-01 7.756891560915276429e+00
4.184288507901580134e-01 7.757370064272232746e+00
4.213321743847289191e-01 7.757529955781435227e+00
4.242556430717777105e-01 7.757244960673791212e+00
4.271993966306776858e-01 7.757272913069098053e+00
4.301635758106794882e-01 7.757248831654308674e+00
4.331483223376398350e-01 7.758102810773427116e+00
4.361537789208005944e-01 7.758335842604447308e+00
4.391800892596086081e-01 7.758847826937220304e+00
4.422273980505896929e-01 7.758614713447969713e+00
4.452958509942655518e-01 7.758639295069059472e+00
4.483855948021185922e-01 7.758583905332568698e+00
4.514967772036102001e-01 7.758744344338408538e+00
4.546295469532399269e-01 7.758939906690072164e+00
4.577840538376616308e-01 7.759590979224968876e+00
4.609604486828433600e-01 7.759728801390444630e+00
4.641588833612777520e-01 7.759766135015806476e+00
4.673795107992463338e-01 7.759678300625928671e+00
4.706224849841281754e-01 7.760173837088744087e+00
4.738879609717651098e-01 7.760323986943756580e+00
4.771760948938745805e-01 7.760634470367588911e+00
4.804870439655128944e-01 7.761136247539768718e+00
4.838209664925957054e-01 7.761127534954686880e+00
4.871780218794630746e-01 7.761003944455747927e+00
4.905583706365045371e-01 7.761060499826365700e+00
4.939621743878320759e-01 7.761347569569798210e+00
4.973895958790062743e-01 7.761568997862269725e+00
5.008407989848212560e-01 7.761932507842743689e+00
5.043159487171359201e-01 7.762116149043479574e+00
5.078152112327676271e-01 7.762157762381313830e+00
5.113387538414325695e-01 7.762109528060895158e+00
5.148867450137492030e-01 7.762215080746280194e+00
5.184593543892912493e-01 7.762448003450360901e+00
5.220567527846975420e-01 7.762789514171428706e+00
5.256791122018424911e-01 7.763183045049005138e+00
5.293266058360561743e-01 7.763122812673918460e+00
5.329994080844088211e-01 7.763165575631486348e+00
5.366976945540475885e-01 7.763183717851047660e+00
5.404216420705915125e-01 7.763379817620443824e+00
5.441714286865892980e-01 7.763676341365655986e+00
5.479472336900287344e-01 7.764011568572223965e+00
5.517492376129122800e-01 7.764231799577482107e+00
5.555776222398878250e-01 7.764149868066863469e+00
5.594325706169377410e-01 7.764189146607143321e+00
5.633142670601357649e-01 7.764265483384793498e+00
5.672228971644543982e-01 7.764491406843642807e+00
5.711586478126429167e-01 7.764826621300590759e+00
5.751217071841613349e-01 7.765206695640443968e+00
5.791122647641758769e-01 7.765149452610659253e+00
5.831305113526225048e-01 7.765156463908531315e+00
5.871766390733255125e-01 7.765186950573845337e+00
5.912508413831875087e-01 7.765340477785465545e+00
5.953533130814370189e-01 7.765583077048643368e+00
5.994842503189409255e-01 7.765904586813131338e+00
6.036438506075869626e-01 7.766128882680627399e+00
6.078323128297229427e-01 7.766057845479508615e+00
6.120498372476697035e-01 7.766045008083582779e+00
6.162966255132942273e-01 7.766144750659537799e+00
6.205728806776500406e-01 7.766362048973784127e+00
6.248788072006894456e-01 7.766627468236079856e+00
6.292146109610343707e-01 7.766990309605547260e+00
6.335804992658248258e-01 7.766989419003547113e+00
6.379766808606281980e-01 7.766935394926695935e+00
6.424033659394190465e-01 7.766976133195476528e+00
6.468607661546327270e-01 7.767116262813654970e+00
6.513490946272803006e-01 7.767335999142742864e+00
6.558685659571428239e-01 7.767657693444194322e+00
6.604193962330304757e-01 7.767886912451068326e+00
6.650018030431118499e-01 7.767800484179973708e+00
6.696160054853221855e-01 7.767796704422566201e+00
6.742622241778342129e-01 7.767879592197213690e+00
6.789406812696106019e-01 7.768044186556000597e+00
6.836516004510237998e-01 7.768302220468664920e+00
6.883952069645495886e-01 7.768634534627732791e+00
6.931717276155406893e-01 7.768631105695699368e+00
6.979813907830659803e-01 7.768590587767278066e+00
7.028244264308345368e-01 7.768624974093598645e+00
7.077010661181889484e-01 7.768751010529668655e+00
7.126115430111745752e-01 7.768947874851754420e+00
7.175560918936928489e-01 7.769229732087453044e+00
7.225349491787214085e-01 7.769455039249547390e+00
7.275483529196224985e-01 7.769374039950264432e+00
7.325965428215229780e-01 7.769376919033004647e+00
7.376797602527730424e-01 7.769448964010621239e+00
7.427982482564918776e-01 7.769600617717215663e+00
7.479522515621821466e-01 7.769831024221548255e+00
7.531420165974368475e-01 7.770137255792124442e+00
7.583677914997191127e-01 7.770142953325162694e+00
7.636298261282241651e-01 7.770100404993337762e+00
7.689283720758313123e-01 7.770137940862554160e+00
7.742636826811269968e-01 7.770244741493742779e+00
7.796360130405228794e-01 7.770425062384448189e+00
7.850456200204509738e-01 7.770682648034304307e+00
7.904927622696420464e-01 7.770894491330131437e+00
7.959777002314986083e-01 7.770819187371833081e+00
8.015006961565405152e-01 7.770813843891963835e+00
8.070620141149499327e-01 7.770880785970476268e+00
8.126619200091945716e-01 7.771018723007539819e+00
8.183006815867389649e-01 7.771226773902492724e+00
8.239785684528520004e-01 7.771507338361396400e+00
8.296958520834906148e-01 7.771520308180423164e+00
8.354528058382862943e-01 7.771482379009770902e+00
8.412497049736118448e-01 7.771511619089249479e+00
8.470868266557401993e-01 7.771608962247051444e+00
8.529644499741024788e-01 7.771773287410264075e+00
8.588828559546249908e-01 7.772006053994447328e+00
8.648423275731718096e-01 7.772208433808014405e+00
8.708431497690723999e-01 7.772138121666433364e+00
8.768856094587426098e-01 7.772132277156041269e+00
8.829699955494091368e-01 7.772192157264860235e+00
8.890965989529158175e-01 7.772316142230538460e+00
8.952657125996400511e-01 7.772505240818053274e+00
9.014776314524917122e-01 7.772759048137969806e+00
9.077326525210223096e-01 7.772780393426291567e+00
9.140310748756231840e-01 7.772743366963468681e+00
9.203731996618220723e-01 7.772768440775956300e+00
9.267593301146883622e-01 7.772855232607024156e+00
9.331897715733238341e-01 7.773004446068958018e+00
9.396648314954690884e-01 7.773215519450017652e+00
9.461848194722002336e-01 7.773408973410806944e+00
9.527500472427290479e-01 7.773343000024688365e+00
9.593608287093147169e-01 7.773336674068930918e+00
9.660174799522646127e-01 7.773389390543101740e+00
9.727203192450537550e-01 7.773501543897155308e+00
9.794696670695395291e-01 7.773672867566605582e+00
9.862658461312820979e-01 7.773903665299414456e+00
9.931091813749800545e-01 7.773930858894346763e+00
1.000000000000000000e+00 7.773895582226709067e+00
