# Start time:    2026-06-11, 11:27:11
# Real time (s): 1200.000
# Live time (s): 1200.000
# Reactor power (MW): 1.000000
# Number of channels: 2048
# Channel width (usec): 2.000000
# Dead time (usec): 26.000000
# Number of frames: 158686
# Path length (cm): 192.000000
#
# Total counts:  2579558
# Chan. numb.	Numb. of counts
#-----------------------------------------------------------------------
1	0
2	0
3	962
4	1109
5	1055
6	1006
7	1054
8	1001
9	1044
10	995
11	999
12	1030
13	994
14	1029
15	1033
16	1022
17	1014
18	1019
19	1020
20	1013
21	1065
22	1069
23	997
24	996
25	1045
26	1120
27	996
28	1023
29	1008
30	1110
31	986
32	1021
33	970
34	1038
35	986
36	1025
37	1033
38	1020
39	1003
40	1063
41	1021
42	1061
43	1064
44	1025
45	986
46	1034
47	1023
48	1043
49	1015
50	1035
51	1066
52	1044
53	1043
54	1042
55	1021
56	1011
57	1012
58	1058
59	957
60	994
61	1056
62	1061
63	1047
64	1054
65	1006
66	968
67	981
68	1078
69	1003
70	1021
71	1002
72	1032
73	1052
74	1016
75	1041
76	982
77	1010
78	1067
79	1050
80	1069
81	1090
82	1036
83	1019
84	1059
85	1061
86	1029
87	1020
88	1088
89	1056
90	1064
91	1090
92	1042
93	1053
94	1108
95	1082
96	1012
97	1042
98	992
99	1034
100	1049
101	1032
102	1050
103	1038
104	1027
105	1005
106	1105
107	1018
108	1079
109	1050
110	1054
111	1086
112	1039
113	1073
114	1006
115	1088
116	1071
117	1018
118	1075
119	1097
120	1025
121	1069
122	1051
123	1041
124	1067
125	1065
126	1018
127	1134
128	1064
129	1097
130	1048
131	1081
132	1140
133	1141
134	1118
135	1061
136	1015
137	1115
138	1084
139	1041
140	1091
141	1120
142	1139
143	1130
144	1096
145	1082
146	1093
147	1147
148	1107
149	1124
150	1172
151	1176
152	1156
153	1114
154	1140
155	1113
156	1070
157	1138
158	1185
159	1188
160	1192
161	1196
162	1169
163	1189
164	1135
165	1211
166	1154
167	1211
168	1183
169	1158
170	1267
171	1242
172	1208
173	1237
174	1208
175	1319
176	1247
177	1266
178	1263
179	1219
180	1265
181	1251
182	1320
183	1337
184	1265
185	1303
186	1284
187	1313
188	1310
189	1403
190	1365
191	1330
192	1332
193	1417
194	1389
195	1351
196	1396
197	1473
198	1440
199	1438
200	1411
201	1422
202	1524
203	1469
204	1484
205	1426
206	1548
207	1557
208	1563
209	1556
210	1567
211	1595
212	1545
213	1536
214	1563
215	1639
216	1591
217	1660
218	1674
219	1608
220	1641
221	1625
222	1650
223	1663
224	1669
225	1734
226	1665
227	1776
228	1730
229	1794
230	1783
231	1803
232	1829
233	1794
234	1787
235	1805
236	1849
237	1820
238	1896
239	1850
240	1875
241	1882
242	1880
243	1887
244	1898
245	2001
246	1883
247	1826
248	1919
249	2012
250	1940
251	1887
252	1942
253	1869
254	1997
255	2001
256	1976
257	1984
258	2047
259	2060
260	1983
261	2056
262	2108
263	2052
264	1981
265	2028
266	2050
267	2057
268	2056
269	2081
270	2010
271	2010
272	2079
273	2121
274	2153
275	2066
276	2133
277	2139
278	1969
279	2105
280	2138
281	2064
282	2063
283	2103
284	2056
285	2103
286	2138
287	2145
288	2108
289	2058
290	2112
291	2102
292	2085
293	2178
294	2078
295	2114
296	2127
297	2042
298	2084
299	2146
300	2125
301	1992
302	2091
303	2089
304	2127
305	2068
306	2123
307	2066
308	2058
309	2029
310	2127
311	2079
312	2091
313	2030
314	2110
315	2079
316	2048
317	2023
318	2043
319	2006
320	2034
321	1976
322	1969
323	1923
324	1986
325	1971
326	2027
327	1987
328	2004
329	1943
330	1946
331	2022
332	1960
333	1959
334	1963
335	1892
336	1977
337	1937
338	1975
339	1926
340	2018
341	1899
342	2015
343	1885
344	1874
345	1914
346	1912
347	1935
348	1882
349	1964
350	1919
351	1862
352	1905
353	1936
354	1937
355	1890
356	1847
357	1844
358	1922
359	1865
360	1898
361	1906
362	1888
363	1800
364	1885
365	1892
366	1922
367	1907
368	1819
369	1891
370	1897
371	1855
372	1890
373	1861
374	1840
375	1827
376	1818
377	1861
378	1835
379	1806
380	1843
381	1852
382	1769
383	1819
384	1824
385	1803
386	1844
387	1787
388	1845
389	1843
390	1755
391	1799
392	1746
393	1743
394	1758
395	1774
396	1778
397	1853
398	1767
399	1780
400	1722
401	1777
402	1728
403	1723
404	1811
405	1714
406	1696
407	1736
408	1705
409	1676
410	1673
411	1673
412	1722
413	1683
414	1685
415	1678
416	1645
417	1677
418	1678
419	1633
420	1589
421	1619
422	1627
423	1589
424	1578
425	1575
426	1594
427	1579
428	1601
429	1559
430	1523
431	1664
432	1582
433	1551
434	1527
435	1553
436	1600
437	1519
438	1489
439	1488
440	1484
441	1527
442	1514
443	1509
444	1473
445	1563
446	1517
447	1477
448	1507
449	1494
450	1449
451	1454
452	1472
453	1490
454	1459
455	1435
456	1483
457	1455
458	1385
459	1422
460	1554
461	1514
462	1401
463	1440
464	1387
465	1460
466	1465
467	1443
468	1440
469	1394
470	1462
471	1459
472	1388
473	1408
474	1422
475	1430
476	1389
477	1375
478	1412
479	1455
480	1444
481	1399
482	1414
483	1436
484	1408
485	1370
486	1385
487	1395
488	1438
489	1388
490	1398
491	1476
492	1322
493	1361
494	1343
495	1402
496	1339
497	1336
498	1367
499	1362
500	1354
501	1472
502	1475
503	1404
504	1429
505	1403
506	1363
507	1368
508	1378
509	1395
510	1351
511	1389
512	1341
513	1359
514	1394
515	1262
516	1412
517	1409
518	1393
519	1398
520	1358
521	1386
522	1371
523	1352
524	1413
525	1363
526	1386
527	1379
528	1345
529	1369
530	1360
531	1328
532	1363
533	1427
534	1374
535	1348
536	1364
537	1339
538	1333
539	1359
540	1299
541	1375
542	1408
543	1400
544	1406
545	1340
546	1319
547	1306
548	1356
549	1341
550	1366
551	1336
552	1409
553	1328
554	1305
555	1382
556	1360
557	1335
558	1368
559	1335
560	1417
561	1294
562	1301
563	1387
564	1322
565	1340
566	1322
567	1324
568	1301
569	1316
570	1396
571	1312
572	1260
573	1337
574	1324
575	1280
576	1322
577	1274
578	1310
579	1308
580	1337
581	1337
582	1305
583	1337
584	1291
585	1298
586	1281
587	1295
588	1277
589	1229
590	1283
591	1275
592	1241
593	1304
594	1274
595	1224
596	1251
597	1191
598	1223
599	1228
600	1255
601	1221
602	1250
603	1260
604	1196
605	1212
606	1222
607	1249
608	1275
609	1191
610	1294
611	1235
612	1183
613	1227
614	1281
615	1235
616	1245
617	1158
618	1199
619	1128
620	1159
621	1191
622	1196
623	1282
624	1149
625	1198
626	1186
627	1228
628	1163
629	1171
630	1191
631	1207
632	1207
633	1248
634	1191
635	1249
636	1174
637	1205
638	1208
639	1247
640	1221
641	1113
642	1140
643	1173
644	1203
645	1221
646	1216
647	1216
648	1208
649	1186
650	1252
651	1174
652	1238
653	1252
654	1175
655	1250
656	1251
657	1220
658	1165
659	1164
660	1208
661	1236
662	1197
663	1196
664	1208
665	1181
666	1252
667	1163
668	1246
669	1207
670	1207
671	1224
672	1149
673	1198
674	1232
675	1201
676	1204
677	1226
678	1171
679	1214
680	1198
681	1183
682	1091
683	1215
684	1143
685	1162
686	1192
687	1183
688	1186
689	1223
690	1159
691	1129
692	1146
693	1191
694	1177
695	1177
696	1167
697	1137
698	1114
699	1149
700	1199
701	1140
702	1163
703	1231
704	1171
705	1121
706	1129
707	1241
708	1214
709	1155
710	1180
711	1154
712	1113
713	1137
714	1114
715	1145
716	1112
717	1182
718	1099
719	1136
720	1162
721	1127
722	1071
723	1130
724	1170
725	1077
726	1091
727	1132
728	1097
729	1104
730	1157
731	1123
732	1099
733	1139
734	1142
735	1213
736	1073
737	1136
738	1143
739	1112
740	1082
741	1153
742	1156
743	1099
744	1102
745	1112
746	1104
747	1130
748	1127
749	1087
750	1150
751	1098
752	1141
753	1067
754	1127
755	1089
756	1115
757	1090
758	1141
759	1138
760	1105
761	1078
762	1170
763	1117
764	1095
765	1090
766	1153
767	1063
768	1097
769	1137
770	1127
771	1124
772	1148
773	1059
774	1144
775	1127
776	1088
777	1046
778	1094
779	1170
780	1109
781	1126
782	1119
783	1105
784	1169
785	1160
786	1100
787	1112
788	1089
789	1049
790	1082
791	1125
792	1085
793	1123
794	1138
795	1095
796	1115
797	1154
798	1084
799	1074
800	1099
801	1060
802	1135
803	1112
804	1155
805	1095
806	1088
807	1072
808	1104
809	1098
810	1105
811	1101
812	1109
813	1096
814	1094
815	1102
816	1110
817	1123
818	1086
819	1101
820	1120
821	1174
822	1166
823	1092
824	1089
825	1140
826	1181
827	1097
828	1094
829	1050
830	1095
831	1071
832	1107
833	1074
834	1070
835	1116
836	1099
837	1078
838	1090
839	1084
840	1146
841	1130
842	1074
843	1103
844	1153
845	1076
846	1095
847	1147
848	1108
849	1040
850	1077
851	1105
852	1054
853	1072
854	1111
855	1064
856	1060
857	1050
858	1048
859	1077
860	1114
861	1081
862	1028
863	1091
864	1051
865	1156
866	1100
867	1129
868	1062
869	1105
870	1059
871	1062
872	1106
873	1126
874	1097
875	1149
876	1060
877	1032
878	1020
879	1080
880	1065
881	989
882	1080
883	1056
884	1029
885	1065
886	1085
887	1056
888	1112
889	1081
890	1099
891	1089
892	1054
893	1110
894	1116
895	1056
896	1074
897	1074
898	1117
899	1064
900	1109
901	1064
902	975
903	1093
904	1047
905	1092
906	1046
907	1094
908	1080
909	1091
910	1041
911	1022
912	1039
913	1093
914	1056
915	1083
916	1078
917	1049
918	1086
919	1077
920	1030
921	1109
922	1061
923	1055
924	1084
925	1016
926	1079
927	1072
928	1081
929	1023
930	1062
931	1049
932	1084
933	1063
934	1089
935	1107
936	1067
937	1034
938	1065
939	1107
940	1055
941	1138
942	1026
943	1042
944	1083
945	1124
946	1104
947	1095
948	1043
949	1067
950	1062
951	1083
952	1072
953	1098
954	1052
955	1122
956	1009
957	1098
958	1095
959	1051
960	998
961	1136
962	1020
963	1031
964	1117
965	1010
966	1024
967	1066
968	1046
969	1100
970	1065
971	1104
972	1042
973	1025
974	1027
975	1070
976	1048
977	1030
978	1037
979	1031
980	1041
981	1029
982	1062
983	1067
984	1048
985	1044
986	1113
987	1061
988	1107
989	1060
990	1075
991	1034
992	1023
993	1026
994	1017
995	1084
996	1038
997	1041
998	1028
999	1073
1000	1098
1001	1062
1002	1046
1003	1151
1004	1071
1005	1040
1006	1069
1007	1047
1008	1038
1009	1110
1010	1108
1011	1056
1012	1128
1013	1100
1014	1119
1015	1053
1016	982
1017	1099
1018	1073
1019	1067
1020	1054
1021	1011
1022	1086
1023	1045
1024	1064
1025	1033
1026	1061
1027	1077
1028	1033
1029	1111
1030	1061
1031	1015
1032	1029
1033	1035
1034	1069
1035	1100
1036	1002
1037	1145
1038	1075
1039	1067
1040	1149
1041	1073
1042	1053
1043	1084
1044	1032
1045	1057
1046	1020
1047	1039
1048	1048
1049	1084
1050	1075
1051	1046
1052	1087
1053	1137
1054	1065
1055	1083
1056	1090
1057	1093
1058	1020
1059	1016
1060	1075
1061	1004
1062	1042
1063	1049
1064	1051
1065	1003
1066	1071
1067	1065
1068	1071
1069	1081
1070	1050
1071	1009
1072	1010
1073	1053
1074	1073
1075	1100
1076	1072
1077	1051
1078	992
1079	1018
1080	1071
1081	1020
1082	1032
1083	1029
1084	985
1085	1036
1086	1070
1087	1077
1088	1061
1089	1036
1090	1062
1091	1078
1092	1067
1093	1009
1094	1028
1095	1066
1096	1050
1097	1055
1098	1023
1099	1078
1100	1049
1101	1039
1102	1061
1103	1039
1104	1027
1105	1055
1106	1056
1107	1076
1108	1018
1109	1145
1110	1047
1111	1114
1112	1010
1113	1061
1114	1029
1115	1103
1116	1059
1117	1058
1118	1066
1119	1031
1120	1000
1121	1035
1122	1046
1123	1041
1124	1039
1125	1046
1126	1044
1127	997
1128	993
1129	1035
1130	1033
1131	1047
1132	1072
1133	1075
1134	1065
1135	1016
1136	1141
1137	1081
1138	1035
1139	1054
1140	1073
1141	1078
1142	1043
1143	1045
1144	1077
1145	1054
1146	1063
1147	997
1148	1050
1149	1069
1150	1039
1151	1083
1152	1022
1153	993
1154	1023
1155	1077
1156	1042
1157	1072
1158	1107
1159	1101
1160	1057
1161	1014
1162	1039
1163	1021
1164	1078
1165	1058
1166	1045
1167	1048
1168	1071
1169	1042
1170	1040
1171	1073
1172	1067
1173	1049
1174	995
1175	1085
1176	1056
1177	1031
1178	1044
1179	1066
1180	1042
1181	1112
1182	969
1183	1086
1184	1024
1185	1036
1186	1042
1187	1069
1188	1030
1189	1047
1190	1028
1191	1135
1192	996
1193	1084
1194	1032
1195	1012
1196	1048
1197	1010
1198	1039
1199	1041
1200	1029
1201	1073
1202	1075
1203	1080
1204	1007
1205	984
1206	973
1207	1012
1208	1067
1209	1082
1210	1045
1211	1065
1212	1050
1213	1057
1214	1079
1215	976
1216	999
1217	1055
1218	1045
1219	1036
1220	1042
1221	1028
1222	1006
1223	1038
1224	1049
1225	1023
1226	1026
1227	1018
1228	1000
1229	1008
1230	1012
1231	974
1232	1010
1233	1080
1234	1090
1235	1088
1236	1010
1237	998
1238	1062
1239	1035
1240	1056
1241	1096
1242	1030
1243	1022
1244	1014
1245	1048
1246	1061
1247	997
1248	1047
1249	1010
1250	1065
1251	1062
1252	1032
1253	1046
1254	1045
1255	1002
1256	1051
1257	1053
1258	1016
1259	1039
1260	1002
1261	1013
1262	1005
1263	1033
1264	1022
1265	1000
1266	1075
1267	1106
1268	1075
1269	1036
1270	1056
1271	1018
1272	1013
1273	1034
1274	1017
1275	1072
1276	1029
1277	1010
1278	1074
1279	1028
1280	1019
1281	1060
1282	962
1283	1064
1284	1058
1285	1092
1286	1045
1287	1054
1288	1052
1289	1083
1290	999
1291	1050
1292	1036
1293	1049
1294	1026
1295	1042
1296	1007
1297	1016
1298	1062
1299	1080
1300	1073
1301	1072
1302	1021
1303	1070
1304	1029
1305	1041
1306	999
1307	1057
1308	1045
1309	1011
1310	1084
1311	1010
1312	994
1313	1014
1314	991
1315	1083
1316	1009
1317	1014
1318	1104
1319	1135
1320	1039
1321	1001
1322	1035
1323	990
1324	1025
1325	1000
1326	1045
1327	1030
1328	1026
1329	1066
1330	1003
1331	1069
1332	1020
1333	1014
1334	1039
1335	1003
1336	1066
1337	1060
1338	971
1339	950
1340	1067
1341	992
1342	984
1343	1052
1344	1010
1345	1009
1346	1060
1347	974
1348	1031
1349	1018
1350	1075
1351	1069
1352	1068
1353	989
1354	1060
1355	1024
1356	1063
1357	955
1358	1027
1359	1079
1360	1112
1361	1021
1362	1052
1363	1049
1364	1006
1365	1018
1366	1057
1367	1015
1368	1042
1369	1060
1370	1093
1371	1085
1372	983
1373	1019
1374	1032
1375	1009
1376	1046
1377	1029
1378	1026
1379	958
1380	1007
1381	1050
1382	1042
1383	1040
1384	1026
1385	1086
1386	978
1387	1022
1388	1032
1389	1047
1390	1071
1391	1031
1392	1060
1393	1001
1394	988
1395	1018
1396	1012
1397	1017
1398	1032
1399	1051
1400	1039
1401	1018
1402	1047
1403	1050
1404	994
1405	1049
1406	1004
1407	1056
1408	1034
1409	1068
1410	987
1411	1057
1412	1059
1413	1039
1414	1017
1415	1045
1416	1042
1417	1012
1418	1021
1419	1064
1420	1023
1421	1048
1422	1042
1423	1035
1424	1018
1425	1019
1426	1053
1427	1083
1428	1052
1429	1044
1430	1012
1431	1004
1432	1044
1433	1017
1434	1032
1435	1060
1436	1012
1437	1055
1438	998
1439	1084
1440	1053
1441	1058
1442	1009
1443	1028
1444	948
1445	1018
1446	1005
1447	1062
1448	1095
1449	1002
1450	1041
1451	1046
1452	1016
1453	1025
1454	1029
1455	1008
1456	1063
1457	1063
1458	1035
1459	1046
1460	1065
1461	1011
1462	962
1463	983
1464	1050
1465	1034
1466	994
1467	1024
1468	994
1469	975
1470	1067
1471	1034
1472	1028
1473	1035
1474	1010
1475	988
1476	1042
1477	1082
1478	992
1479	1020
1480	1004
1481	1027
1482	1027
1483	1037
1484	1015
1485	1065
1486	1047
1487	1005
1488	1031
1489	1035
1490	1028
1491	1087
1492	1037
1493	1046
1494	1018
1495	1042
1496	1058
1497	989
1498	1006
1499	1055
1500	1001
1501	1036
1502	1057
1503	1040
1504	1033
1505	984
1506	1006
1507	1038
1508	1028
1509	1014
1510	1033
1511	1013
1512	1021
1513	967
1514	1001
1515	982
1516	1002
1517	1005
1518	1013
1519	1087
1520	953
1521	1061
1522	1039
1523	1031
1524	989
1525	1032
1526	1034
1527	1004
1528	1026
1529	1026
1530	1044
1531	1023
1532	959
1533	1013
1534	1072
1535	1029
1536	974
1537	1012
1538	1050
1539	1034
1540	1051
1541	1083
1542	1005
1543	1063
1544	986
1545	1005
1546	983
1547	998
1548	1016
1549	997
1550	1060
1551	1004
1552	991
1553	1010
1554	992
1555	996
1556	944
1557	1086
1558	1004
1559	1014
1560	981
1561	1032
1562	982
1563	1024
1564	1012
1565	1085
1566	1052
1567	1029
1568	1004
1569	1076
1570	1063
1571	1035
1572	968
1573	1002
1574	1025
1575	985
1576	1019
1577	1017
1578	1011
1579	1073
1580	1018
1581	1016
1582	1024
1583	990
1584	1020
1585	1128
1586	1040
1587	1086
1588	1025
1589	1069
1590	1015
1591	1003
1592	986
1593	977
1594	1027
1595	1026
1596	1040
1597	1102
1598	1018
1599	1074
1600	989
1601	1013
1602	1056
1603	1059
1604	1043
1605	984
1606	990
1607	1041
1608	1050
1609	1005
1610	1013
1611	992
1612	1053
1613	1075
1614	1014
1615	1041
1616	992
1617	1090
1618	1007
1619	969
1620	1020
1621	1005
1622	1052
1623	1075
1624	1006
1625	1079
1626	984
1627	990
1628	1024
1629	1055
1630	1048
1631	1069
1632	1048
1633	1019
1634	1017
1635	1067
1636	1045
1637	972
1638	961
1639	1012
1640	1017
1641	992
1642	1030
1643	1024
1644	1020
1645	1025
1646	990
1647	1094
1648	1023
1649	1018
1650	1040
1651	1035
1652	991
1653	1013
1654	1030
1655	982
1656	1064
1657	1030
1658	1020
1659	1047
1660	1020
1661	1020
1662	1106
1663	998
1664	1102
1665	1044
1666	1070
1667	1026
1668	1036
1669	1059
1670	1019
1671	1011
1672	1048
1673	1012
1674	1023
1675	1026
1676	1024
1677	1068
1678	1049
1679	987
1680	1074
1681	1003
1682	1058
1683	1095
1684	1001
1685	983
1686	1052
1687	1030
1688	968
1689	1063
1690	984
1691	1050
1692	1023
1693	999
1694	1046
1695	1022
1696	1083
1697	1016
1698	958
1699	1067
1700	999
1701	1078
1702	1041
1703	1030
1704	992
1705	1044
1706	1014
1707	1051
1708	1094
1709	1060
1710	1076
1711	998
1712	1066
1713	1054
1714	976
1715	970
1716	1028
1717	1013
1718	1020
1719	1049
1720	1001
1721	1006
1722	1054
1723	1039
1724	1038
1725	1028
1726	1062
1727	1024
1728	1032
1729	1114
1730	1033
1731	1011
1732	1089
1733	1001
1734	1002
1735	979
1736	1030
1737	1083
1738	1022
1739	1065
1740	1025
1741	1016
1742	977
1743	998
1744	1013
1745	1075
1746	1006
1747	1052
1748	1001
1749	1078
1750	1021
1751	1021
1752	1098
1753	984
1754	1049
1755	1018
1756	1038
1757	1042
1758	1013
1759	1046
1760	1070
1761	1013
1762	1036
1763	1043
1764	1095
1765	965
1766	1062
1767	997
1768	1026
1769	1010
1770	1034
1771	1049
1772	1030
1773	1009
1774	991
1775	1116
1776	1012
1777	1026
1778	1004
1779	968
1780	1038
1781	1003
1782	1064
1783	1017
1784	1010
1785	1046
1786	1035
1787	1053
1788	1062
1789	1013
1790	1041
1791	1000
1792	1029
1793	1020
1794	1003
1795	1049
1796	1114
1797	1038
1798	1022
1799	991
1800	1034
1801	1003
1802	1051
1803	1057
1804	1054
1805	1020
1806	1030
1807	1063
1808	1010
1809	1035
1810	1033
1811	972
1812	1003
1813	1015
1814	1073
1815	1050
1816	1021
1817	1043
1818	1005
1819	1037
1820	1080
1821	993
1822	1058
1823	1006
1824	1007
1825	1031
1826	953
1827	987
1828	1027
1829	1000
1830	1061
1831	1039
1832	1018
1833	995
1834	1062
1835	1048
1836	1018
1837	1076
1838	1071
1839	970
1840	1084
1841	1056
1842	1068
1843	1070
1844	1050
1845	1028
1846	1080
1847	1006
1848	1017
1849	1014
1850	1024
1851	1038
1852	1000
1853	1034
1854	1080
1855	1018
1856	1040
1857	1052
1858	1001
1859	1037
1860	979
1861	1010
1862	1058
1863	1075
1864	1024
1865	1137
1866	1003
1867	1035
1868	1017
1869	1023
1870	1047
1871	1050
1872	1028
1873	1000
1874	1063
1875	979
1876	1039
1877	1045
1878	1036
1879	1018
1880	1020
1881	991
1882	1075
1883	1023
1884	1012
1885	990
1886	1022
1887	1017
1888	1026
1889	980
1890	1085
1891	1000
1892	1009
1893	1092
1894	979
1895	1022
1896	1024
1897	931
1898	990
1899	970
1900	1006
1901	1037
1902	1113
1903	1065
1904	989
1905	1062
1906	1029
1907	996
1908	1017
1909	1002
1910	1071
1911	995
1912	1102
1913	1053
1914	1042
1915	1008
1916	1063
1917	1036
1918	971
1919	1019
1920	1064
1921	1044
1922	1029
1923	1043
1924	1026
1925	1058
1926	1041
1927	1041
1928	1002
1929	1020
1930	1019
1931	1061
1932	1076
1933	979
1934	1026
1935	994
1936	1034
1937	991
1938	996
1939	989
1940	1070
1941	981
1942	1048
1943	1019
1944	992
1945	1009
1946	1038
1947	963
1948	993
1949	1038
1950	1029
1951	1035
1952	1015
1953	1049
1954	1026
1955	1043
1956	1014
1957	1042
1958	1020
1959	1023
1960	1071
1961	1047
1962	1029
1963	994
1964	1035
1965	1016
1966	1038
1967	1044
1968	995
1969	1030
1970	1023
1971	1025
1972	994
1973	1098
1974	990
1975	953
1976	1019
1977	1024
1978	1013
1979	1017
1980	1032
1981	1036
1982	1063
1983	972
1984	1046
1985	989
1986	1080
1987	1051
1988	1057
1989	1024
1990	1022
1991	1027
1992	1024
1993	1033
1994	1052
1995	1000
1996	997
1997	1058
1998	961
1999	1008
2000	1007
2001	978
2002	999
2003	1022
2004	965
2005	1077
2006	1047
2007	1020
2008	1028
2009	979
2010	987
2011	1024
2012	1001
2013	1004
2014	973
2015	1058
2016	1096
2017	1024
2018	1028
2019	1042
2020	1016
2021	1084
2022	1070
2023	1015
2024	1101
2025	1071
2026	1055
2027	985
2028	1059
2029	1082
2030	1060
2031	1009
2032	983
2033	1001
2034	938
2035	1048
2036	1068
2037	1045
2038	1003
2039	971
2040	1078
2041	1041
2042	1005
2043	964
2044	992
2045	1026
2046	955
2047	1027
2048	1021
